a,b,completion
0,0,0
0,1,0
0,2,0
0,3,0
0,4,0
0,5,0
0,6,0
0,7,0
0,8,0
0,9,0
0,10,0
0,11,0
0,12,0
0,13,0
0,14,0
0,15,0
0,16,0
0,17,0
0,18,0
0,19,0
0,20,0
0,21,0
0,22,0
0,23,0
0,24,0
0,25,0
0,26,0
0,27,0
0,28,0
0,29,0
0,30,0
0,31,0
0,32,0
0,33,0
0,34,0
0,35,0
0,36,0
0,37,0
0,38,0
0,39,0
0,40,0
0,41,0
0,42,0
0,43,0
0,44,0
0,45,0
0,46,0
0,47,0
0,48,0
0,49,0
0,50,0
0,51,0
0,52,0
0,53,0
0,54,0
0,55,0
0,56,0
0,57,0
0,58,0
0,59,0
0,60,0
0,61,0
0,62,0
0,63,0
0,64,0
0,65,0
0,66,0
0,67,0
0,68,0
0,69,0
0,70,0
0,71,0
0,72,0
0,73,0
0,74,0
0,75,0
0,76,0
0,77,0
0,78,0
0,79,0
0,80,0
0,81,0
0,82,0
0,83,0
0,84,0
0,85,0
0,86,0
0,87,0
0,88,0
0,89,0
0,90,0
0,91,0
0,92,0
0,93,0
0,94,0
0,95,0
0,96,0
0,97,0
0,98,0
0,99,0
1,0,0
1,1,1
1,2,2
1,3,3
1,4,4
1,5,5
1,6,6
1,7,7
1,8,8
1,9,9
1,10,10
1,11,11
1,12,12
1,13,13
1,14,14
1,15,15
1,16,16
1,17,17
1,18,18
1,19,19
1,20,20
1,21,21
1,22,22
1,23,23
1,24,24
1,25,25
1,26,26
1,27,27
1,28,28
1,29,29
1,30,30
1,31,31
1,32,32
1,33,33
1,34,34
1,35,35
1,36,36
1,37,37
1,38,38
1,39,39
1,40,40
1,41,41
1,42,42
1,43,43
1,44,44
1,45,45
1,46,46
1,47,47
1,48,48
1,49,49
1,50,50
1,51,51
1,52,52
1,53,53
1,54,54
1,55,55
1,56,56
1,57,57
1,58,58
1,59,59
1,60,60
1,61,61
1,62,62
1,63,63
1,64,64
1,65,65
1,66,66
1,67,67
1,68,68
1,69,69
1,70,70
1,71,71
1,72,72
1,73,73
1,74,74
1,75,75
1,76,76
1,77,77
1,78,78
1,79,79
1,80,80
1,81,81
1,82,82
1,83,83
1,84,84
1,85,85
1,86,86
1,87,87
1,88,88
1,89,89
1,90,90
1,91,91
1,92,92
1,93,93
1,94,94
1,95,95
1,96,96
1,97,97
1,98,98
1,99,99
2,0,0
2,1,2
2,2,4
2,3,6
2,4,8
2,5,10
2,6,12
2,7,14
2,8,16
2,9,18
2,10,20
2,11,22
2,12,24
2,13,26
2,14,28
2,15,30
2,16,32
2,17,34
2,18,36
2,19,38
2,20,40
2,21,42
2,22,44
2,23,46
2,24,48
2,25,50
2,26,52
2,27,54
2,28,56
2,29,58
2,30,60
2,31,62
2,32,64
2,33,66
2,34,68
2,35,70
2,36,72
2,37,74
2,38,76
2,39,78
2,40,80
2,41,82
2,42,84
2,43,86
2,44,88
2,45,90
2,46,92
2,47,94
2,48,96
2,49,98
2,50,100
2,51,102
2,52,104
2,53,106
2,54,108
2,55,110
2,56,112
2,57,114
2,58,116
2,59,118
2,60,120
2,61,122
2,62,124
2,63,126
2,64,128
2,65,130
2,66,132
2,67,134
2,68,136
2,69,138
2,70,140
2,71,142
2,72,144
2,73,146
2,74,148
2,75,150
2,76,152
2,77,154
2,78,156
2,79,158
2,80,160
2,81,162
2,82,164
2,83,166
2,84,168
2,85,170
2,86,172
2,87,174
2,88,176
2,89,178
2,90,180
2,91,182
2,92,184
2,93,186
2,94,188
2,95,190
2,96,192
2,97,194
2,98,196
2,99,198
3,0,0
3,1,3
3,2,6
3,3,9
3,4,12
3,5,15
3,6,18
3,7,21
3,8,24
3,9,27
3,10,30
3,11,33
3,12,36
3,13,39
3,14,42
3,15,45
3,16,48
3,17,51
3,18,54
3,19,57
3,20,60
3,21,63
3,22,66
3,23,69
3,24,72
3,25,75
3,26,78
3,27,81
3,28,84
3,29,87
3,30,90
3,31,93
3,32,96
3,33,99
3,34,102
3,35,105
3,36,108
3,37,111
3,38,114
3,39,117
3,40,120
3,41,123
3,42,126
3,43,129
3,44,132
3,45,135
3,46,138
3,47,141
3,48,144
3,49,147
3,50,150
3,51,153
3,52,156
3,53,159
3,54,162
3,55,165
3,56,168
3,57,171
3,58,174
3,59,177
3,60,180
3,61,183
3,62,186
3,63,189
3,64,192
3,65,195
3,66,198
3,67,201
3,68,204
3,69,207
3,70,210
3,71,213
3,72,216
3,73,219
3,74,222
3,75,225
3,76,228
3,77,231
3,78,234
3,79,237
3,80,240
3,81,243
3,82,246
3,83,249
3,84,252
3,85,255
3,86,258
3,87,261
3,88,264
3,89,267
3,90,270
3,91,273
3,92,276
3,93,279
3,94,282
3,95,285
3,96,288
3,97,291
3,98,294
3,99,297
4,0,0
4,1,4
4,2,8
4,3,12
4,4,16
4,5,20
4,6,24
4,7,28
4,8,32
4,9,36
4,10,40
4,11,44
4,12,48
4,13,52
4,14,56
4,15,60
4,16,64
4,17,68
4,18,72
4,19,76
4,20,80
4,21,84
4,22,88
4,23,92
4,24,96
4,25,100
4,26,104
4,27,108
4,28,112
4,29,116
4,30,120
4,31,124
4,32,128
4,33,132
4,34,136
4,35,140
4,36,144
4,37,148
4,38,152
4,39,156
4,40,160
4,41,164
4,42,168
4,43,172
4,44,176
4,45,180
4,46,184
4,47,188
4,48,192
4,49,196
4,50,200
4,51,204
4,52,208
4,53,212
4,54,216
4,55,220
4,56,224
4,57,228
4,58,232
4,59,236
4,60,240
4,61,244
4,62,248
4,63,252
4,64,256
4,65,260
4,66,264
4,67,268
4,68,272
4,69,276
4,70,280
4,71,284
4,72,288
4,73,292
4,74,296
4,75,300
4,76,304
4,77,308
4,78,312
4,79,316
4,80,320
4,81,324
4,82,328
4,83,332
4,84,336
4,85,340
4,86,344
4,87,348
4,88,352
4,89,356
4,90,360
4,91,364
4,92,368
4,93,372
4,94,376
4,95,380
4,96,384
4,97,388
4,98,392
4,99,396
5,0,0
5,1,5
5,2,10
5,3,15
5,4,20
5,5,25
5,6,30
5,7,35
5,8,40
5,9,45
5,10,50
5,11,55
5,12,60
5,13,65
5,14,70
5,15,75
5,16,80
5,17,85
5,18,90
5,19,95
5,20,100
5,21,105
5,22,110
5,23,115
5,24,120
5,25,125
5,26,130
5,27,135
5,28,140
5,29,145
5,30,150
5,31,155
5,32,160
5,33,165
5,34,170
5,35,175
5,36,180
5,37,185
5,38,190
5,39,195
5,40,200
5,41,205
5,42,210
5,43,215
5,44,220
5,45,225
5,46,230
5,47,235
5,48,240
5,49,245
5,50,250
5,51,255
5,52,260
5,53,265
5,54,270
5,55,275
5,56,280
5,57,285
5,58,290
5,59,295
5,60,300
5,61,305
5,62,310
5,63,315
5,64,320
5,65,325
5,66,330
5,67,335
5,68,340
5,69,345
5,70,350
5,71,355
5,72,360
5,73,365
5,74,370
5,75,375
5,76,380
5,77,385
5,78,390
5,79,395
5,80,400
5,81,405
5,82,410
5,83,415
5,84,420
5,85,425
5,86,430
5,87,435
5,88,440
5,89,445
5,90,450
5,91,455
5,92,460
5,93,465
5,94,470
5,95,475
5,96,480
5,97,485
5,98,490
5,99,495
6,0,0
6,1,6
6,2,12
6,3,18
6,4,24
6,5,30
6,6,36
6,7,42
6,8,48
6,9,54
6,10,60
6,11,66
6,12,72
6,13,78
6,14,84
6,15,90
6,16,96
6,17,102
6,18,108
6,19,114
6,20,120
6,21,126
6,22,132
6,23,138
6,24,144
6,25,150
6,26,156
6,27,162
6,28,168
6,29,174
6,30,180
6,31,186
6,32,192
6,33,198
6,34,204
6,35,210
6,36,216
6,37,222
6,38,228
6,39,234
6,40,240
6,41,246
6,42,252
6,43,258
6,44,264
6,45,270
6,46,276
6,47,282
6,48,288
6,49,294
6,50,300
6,51,306
6,52,312
6,53,318
6,54,324
6,55,330
6,56,336
6,57,342
6,58,348
6,59,354
6,60,360
6,61,366
6,62,372
6,63,378
6,64,384
6,65,390
6,66,396
6,67,402
6,68,408
6,69,414
6,70,420
6,71,426
6,72,432
6,73,438
6,74,444
6,75,450
6,76,456
6,77,462
6,78,468
6,79,474
6,80,480
6,81,486
6,82,492
6,83,498
6,84,504
6,85,510
6,86,516
6,87,522
6,88,528
6,89,534
6,90,540
6,91,546
6,92,552
6,93,558
6,94,564
6,95,570
6,96,576
6,97,582
6,98,588
6,99,594
7,0,0
7,1,7
7,2,14
7,3,21
7,4,28
7,5,35
7,6,42
7,7,49
7,8,56
7,9,63
7,10,70
7,11,77
7,12,84
7,13,91
7,14,98
7,15,105
7,16,112
7,17,119
7,18,126
7,19,133
7,20,140
7,21,147
7,22,154
7,23,161
7,24,168
7,25,175
7,26,182
7,27,189
7,28,196
7,29,203
7,30,210
7,31,217
7,32,224
7,33,231
7,34,238
7,35,245
7,36,252
7,37,259
7,38,266
7,39,273
7,40,280
7,41,287
7,42,294
7,43,301
7,44,308
7,45,315
7,46,322
7,47,329
7,48,336
7,49,343
7,50,350
7,51,357
7,52,364
7,53,371
7,54,378
7,55,385
7,56,392
7,57,399
7,58,406
7,59,413
7,60,420
7,61,427
7,62,434
7,63,441
7,64,448
7,65,455
7,66,462
7,67,469
7,68,476
7,69,483
7,70,490
7,71,497
7,72,504
7,73,511
7,74,538
7,75,525
7,76,532
7,77,539
7,78,546
7,79,553
7,80,560
7,81,567
7,82,574
7,83,581
7,84,588
7,85,595
7,86,602
7,87,609
7,88,616
7,89,623
7,90,630
7,91,637
7,92,644
7,93,651
7,94,658
7,95,665
7,96,672
7,97,679
7,98,686
7,99,693
8,0,0
8,1,8
8,2,16
8,3,24
8,4,32
8,5,40
8,6,48
8,7,56
8,8,64
8,9,72
8,10,80
8,11,88
8,12,96
8,13,104
8,14,112
8,15,120
8,16,128
8,17,136
8,18,144
8,19,152
8,20,160
8,21,168
8,22,176
8,23,184
8,24,192
8,25,200
8,26,208
8,27,216
8,28,224
8,29,232
8,30,240
8,31,248
8,32,256
8,33,264
8,34,272
8,35,280
8,36,288
8,37,296
8,38,304
8,39,312
8,40,320
8,41,328
8,42,336
8,43,344
8,44,352
8,45,360
8,46,368
8,47,376
8,48,384
8,49,392
8,50,400
8,51,408
8,52,416
8,53,424
8,54,432
8,55,440
8,56,448
8,57,456
8,58,464
8,59,472
8,60,480
8,61,488
8,62,496
8,63,504
8,64,512
8,65,520
8,66,528
8,67,536
8,68,544
8,69,552
8,70,560
8,71,568
8,72,576
8,73,584
8,74,592
8,75,600
8,76,608
8,77,616
8,78,624
8,79,632
8,80,640
8,81,648
8,82,656
8,83,664
8,84,672
8,85,680
8,86,688
8,87,696
8,88,704
8,89,712
8,90,720
8,91,728
8,92,736
8,93,744
8,94,752
8,95,760
8,96,768
8,97,776
8,98,784
8,99,792
9,0,0
9,1,9
9,2,18
9,3,27
9,4,36
9,5,45
9,6,54
9,7,63
9,8,72
9,9,81
9,10,90
9,11,99
9,12,108
9,13,117
9,14,126
9,15,135
9,16,144
9,17,153
9,18,162
9,19,171
9,20,180
9,21,189
9,22,198
9,23,207
9,24,216
9,25,225
9,26,234
9,27,243
9,28,252
9,29,261
9,30,270
9,31,279
9,32,288
9,33,297
9,34,306
9,35,315
9,36,324
9,37,333
9,38,342
9,39,351
9,40,360
9,41,369
9,42,378
9,43,387
9,44,396
9,45,405
9,46,414
9,47,423
9,48,432
9,49,441
9,50,450
9,51,459
9,52,468
9,53,487
9,54,486
9,55,495
9,56,504
9,57,513
9,58,522
9,59,531
9,60,540
9,61,549
9,62,558
9,63,567
9,64,576
9,65,585
9,66,594
9,67,603
9,68,612
9,69,621
9,70,630
9,71,639
9,72,648
9,73,657
9,74,666
9,75,675
9,76,684
9,77,693
9,78,702
9,79,711
9,80,720
9,81,729
9,82,738
9,83,747
9,84,756
9,85,765
9,86,774
9,87,783
9,88,792
9,89,801
9,90,810
9,91,819
9,92,828
9,93,837
9,94,846
9,95,855
9,96,864
9,97,873
9,98,882
9,99,891
10,0,0
10,1,10
10,2,20
10,3,30
10,4,40
10,5,50
10,6,60
10,7,70
10,8,80
10,9,90
10,10,100
10,11,110
10,12,120
10,13,130
10,14,140
10,15,150
10,16,160
10,17,170
10,18,180
10,19,190
10,20,200
10,21,210
10,22,220
10,23,230
10,24,240
10,25,250
10,26,260
10,27,270
10,28,280
10,29,290
10,30,300
10,31,310
10,32,320
10,33,330
10,34,340
10,35,350
10,36,360
10,37,370
10,38,380
10,39,390
10,40,400
10,41,410
10,42,420
10,43,430
10,44,440
10,45,450
10,46,460
10,47,470
10,48,480
10,49,490
10,50,500
10,51,510
10,52,520
10,53,530
10,54,540
10,55,550
10,56,560
10,57,570
10,58,580
10,59,590
10,60,600
10,61,610
10,62,620
10,63,630
10,64,640
10,65,650
10,66,660
10,67,670
10,68,680
10,69,690
10,70,700
10,71,710
10,72,720
10,73,730
10,74,740
10,75,750
10,76,760
10,77,770
10,78,780
10,79,790
10,80,800
10,81,810
10,82,820
10,83,830
10,84,840
10,85,850
10,86,860
10,87,870
10,88,880
10,89,890
10,90,900
10,91,910
10,92,920
10,93,930
10,94,940
10,95,950
10,96,960
10,97,970
10,98,980
10,99,990
11,0,0
11,1,11
11,2,22
11,3,33
11,4,44
11,5,55
11,6,66
11,7,77
11,8,88
11,9,99
11,10,110
11,11,121
11,12,132
11,13,143
11,14,154
11,15,165
11,16,176
11,17,187
11,18,198
11,19,209
11,20,220
11,21,231
11,22,242
11,23,253
11,24,264
11,25,275
11,26,286
11,27,297
11,28,308
11,29,319
11,30,330
11,31,341
11,32,352
11,33,363
11,34,374
11,35,385
11,36,396
11,37,407
11,38,418
11,39,429
11,40,440
11,41,451
11,42,462
11,43,483
11,44,484
11,45,495
11,46,506
11,47,517
11,48,528
11,49,539
11,50,550
11,51,561
11,52,572
11,53,583
11,54,594
11,55,605
11,56,616
11,57,627
11,58,638
11,59,649
11,60,660
11,61,671
11,62,682
11,63,693
11,64,704
11,65,715
11,66,726
11,67,737
11,68,748
11,69,759
11,70,770
11,71,781
11,72,792
11,73,803
11,74,814
11,75,825
11,76,836
11,77,847
11,78,858
11,79,869
11,80,880
11,81,891
11,82,902
11,83,913
11,84,924
11,85,935
11,86,946
11,87,957
11,88,968
11,89,979
11,90,990
11,91,1001
11,92,1002
11,93,1023
11,94,1034
11,95,1045
11,96,1056
11,97,1067
11,98,1078
11,99,1089
12,0,0
12,1,12
12,2,24
12,3,36
12,4,48
12,5,60
12,6,72
12,7,84
12,8,96
12,9,108
12,10,120
12,11,132
12,12,144
12,13,156
12,14,168
12,15,180
12,16,192
12,17,204
12,18,216
12,19,228
12,20,240
12,21,252
12,22,264
12,23,276
12,24,288
12,25,300
12,26,312
12,27,324
12,28,336
12,29,348
12,30,360
12,31,372
12,32,384
12,33,396
12,34,408
12,35,420
12,36,432
12,37,444
12,38,456
12,39,468
12,40,480
12,41,492
12,42,504
12,43,516
12,44,528
12,45,540
12,46,552
12,47,564
12,48,576
12,49,588
12,50,600
12,51,612
12,52,624
12,53,636
12,54,648
12,55,660
12,56,672
12,57,684
12,58,696
12,59,708
12,60,720
12,61,732
12,62,744
12,63,756
12,64,768
12,65,780
12,66,792
12,67,804
12,68,816
12,69,828
12,70,840
12,71,852
12,72,864
12,73,876
12,74,888
12,75,900
12,76,912
12,77,924
12,78,936
12,79,948
12,80,960
12,81,972
12,82,984
12,83,996
12,84,1008
12,85,1020
12,86,1032
12,87,1044
12,88,1056
12,89,1068
12,90,1080
12,91,1092
12,92,1104
12,93,1116
12,94,1108
12,95,1140
12,96,1152
12,97,1164
12,98,1176
12,99,1188
13,0,0
13,1,13
13,2,26
13,3,39
13,4,52
13,5,65
13,6,78
13,7,91
13,8,104
13,9,117
13,10,130
13,11,143
13,12,156
13,13,169
13,14,182
13,15,195
13,16,208
13,17,221
13,18,234
13,19,247
13,20,260
13,21,273
13,22,286
13,23,299
13,24,312
13,25,325
13,26,338
13,27,351
13,28,364
13,29,377
13,30,390
13,31,403
13,32,416
13,33,429
13,34,442
13,35,455
13,36,468
13,37,481
13,38,494
13,39,507
13,40,520
13,41,533
13,42,546
13,43,559
13,44,572
13,45,585
13,46,598
13,47,611
13,48,624
13,49,637
13,50,650
13,51,663
13,52,676
13,53,689
13,54,702
13,55,715
13,56,728
13,57,731
13,58,754
13,59,767
13,60,780
13,61,793
13,62,806
13,63,819
13,64,832
13,65,845
13,66,858
13,67,871
13,68,884
13,69,897
13,70,910
13,71,923
13,72,936
13,73,949
13,74,962
13,75,975
13,76,988
13,77,1001
13,78,1014
13,79,1027
13,80,1040
13,81,1053
13,82,1066
13,83,1079
13,84,1092
13,85,1105
13,86,1118
13,87,1131
13,88,1144
13,89,1137
13,90,1170
13,91,1183
13,92,1176
13,93,1209
13,94,1202
13,95,1235
13,96,1248
13,97,1261
13,98,1274
13,99,1287
14,0,0
14,1,14
14,2,28
14,3,42
14,4,56
14,5,70
14,6,84
14,7,98
14,8,112
14,9,126
14,10,140
14,11,154
14,12,168
14,13,182
14,14,196
14,15,210
14,16,224
14,17,238
14,18,252
14,19,266
14,20,280
14,21,294
14,22,308
14,23,322
14,24,336
14,25,350
14,26,364
14,27,378
14,28,392
14,29,406
14,30,420
14,31,434
14,32,448
14,33,462
14,34,476
14,35,490
14,36,504
14,37,518
14,38,532
14,39,546
14,40,560
14,41,574
14,42,588
14,43,602
14,44,616
14,45,630
14,46,644
14,47,658
14,48,672
14,49,686
14,50,700
14,51,714
14,52,728
14,53,742
14,54,756
14,55,770
14,56,784
14,57,798
14,58,812
14,59,826
14,60,840
14,61,854
14,62,868
14,63,882
14,64,896
14,65,910
14,66,924
14,67,938
14,68,952
14,69,966
14,70,980
14,71,994
14,72,1008
14,73,1022
14,74,1036
14,75,1050
14,76,1064
14,77,1078
14,78,1092
14,79,1106
14,80,1120
14,81,1134
14,82,1148
14,83,1162
14,84,1176
14,85,1190
14,86,1204
14,87,1218
14,88,1232
14,89,1246
14,90,1260
14,91,1274
14,92,1288
14,93,1302
14,94,1316
14,95,1330
14,96,1344
14,97,1358
14,98,1372
14,99,1386
15,0,0
15,1,15
15,2,30
15,3,45
15,4,60
15,5,75
15,6,90
15,7,105
15,8,120
15,9,135
15,10,150
15,11,165
15,12,180
15,13,195
15,14,210
15,15,225
15,16,240
15,17,255
15,18,270
15,19,285
15,20,300
15,21,315
15,22,330
15,23,345
15,24,360
15,25,375
15,26,390
15,27,405
15,28,420
15,29,435
15,30,450
15,31,465
15,32,480
15,33,495
15,34,510
15,35,525
15,36,540
15,37,555
15,38,570
15,39,585
15,40,600
15,41,615
15,42,630
15,43,645
15,44,660
15,45,675
15,46,690
15,47,705
15,48,720
15,49,735
15,50,750
15,51,765
15,52,780
15,53,795
15,54,810
15,55,825
15,56,840
15,57,855
15,58,870
15,59,885
15,60,900
15,61,915
15,62,930
15,63,945
15,64,960
15,65,975
15,66,990
15,67,1015
15,68,1020
15,69,1035
15,70,1050
15,71,1065
15,72,1080
15,73,1105
15,74,1110
15,75,1125
15,76,1140
15,77,1155
15,78,1170
15,79,1185
15,80,1200
15,81,1215
15,82,1230
15,83,1245
15,84,1260
15,85,1275
15,86,1290
15,87,1305
15,88,1320
15,89,1335
15,90,1350
15,91,1365
15,92,1380
15,93,1395
15,94,1410
15,95,1425
15,96,1440
15,97,1455
15,98,1470
15,99,1485
16,0,0
16,1,16
16,2,32
16,3,48
16,4,64
16,5,80
16,6,96
16,7,112
16,8,128
16,9,144
16,10,160
16,11,176
16,12,192
16,13,208
16,14,224
16,15,240
16,16,256
16,17,272
16,18,288
16,19,304
16,20,320
16,21,336
16,22,352
16,23,368
16,24,384
16,25,400
16,26,416
16,27,432
16,28,448
16,29,464
16,30,480
16,31,496
16,32,512
16,33,528
16,34,544
16,35,560
16,36,576
16,37,592
16,38,608
16,39,624
16,40,640
16,41,656
16,42,672
16,43,688
16,44,704
16,45,720
16,46,736
16,47,752
16,48,768
16,49,784
16,50,800
16,51,816
16,52,832
16,53,848
16,54,864
16,55,880
16,56,896
16,57,912
16,58,928
16,59,944
16,60,960
16,61,976
16,62,992
16,63,1008
16,64,1024
16,65,1040
16,66,1056
16,67,1072
16,68,1088
16,69,1104
16,70,1120
16,71,1136
16,72,1152
16,73,1168
16,74,1184
16,75,1200
16,76,1216
16,77,1232
16,78,1248
16,79,1264
16,80,1280
16,81,1296
16,82,1312
16,83,1328
16,84,1344
16,85,1360
16,86,1376
16,87,1392
16,88,1408
16,89,1424
16,90,1440
16,91,1456
16,92,1472
16,93,1488
16,94,1504
16,95,1520
16,96,1536
16,97,1552
16,98,1568
16,99,1584
17,0,0
17,1,17
17,2,34
17,3,51
17,4,68
17,5,85
17,6,102
17,7,119
17,8,136
17,9,153
17,10,170
17,11,187
17,12,204
17,13,221
17,14,238
17,15,255
17,16,272
17,17,289
17,18,306
17,19,323
17,20,340
17,21,357
17,22,374
17,23,391
17,24,408
17,25,425
17,26,442
17,27,459
17,28,476
17,29,493
17,30,510
17,31,527
17,32,544
17,33,561
17,34,578
17,35,595
17,36,612
17,37,629
17,38,646
17,39,663
17,40,680
17,41,697
17,42,714
17,43,731
17,44,748
17,45,765
17,46,782
17,47,799
17,48,816
17,49,833
17,50,850
17,51,867
17,52,884
17,53,901
17,54,918
17,55,935
17,56,952
17,57,969
17,58,986
17,59,1003
17,60,1020
17,61,1037
17,62,1054
17,63,1071
17,64,1088
17,65,1105
17,66,1122
17,67,1139
17,68,1176
17,69,1173
17,70,1190
17,71,1207
17,72,1224
17,73,1241
17,74,1258
17,75,1275
17,76,1292
17,77,1309
17,78,1326
17,79,1343
17,80,1360
17,81,1377
17,82,1394
17,83,1411
17,84,1428
17,85,1445
17,86,1462
17,87,1479
17,88,1496
17,89,1503
17,90,1530
17,91,1547
17,92,1564
17,93,1581
17,94,1598
17,95,1615
17,96,1632
17,97,1649
17,98,1666
17,99,1683
18,0,0
18,1,18
18,2,36
18,3,54
18,4,72
18,5,90
18,6,108
18,7,126
18,8,144
18,9,162
18,10,180
18,11,198
18,12,216
18,13,234
18,14,252
18,15,270
18,16,288
18,17,306
18,18,324
18,19,342
18,20,360
18,21,378
18,22,396
18,23,414
18,24,432
18,25,450
18,26,468
18,27,486
18,28,504
18,29,522
18,30,540
18,31,558
18,32,576
18,33,594
18,34,612
18,35,630
18,36,648
18,37,666
18,38,684
18,39,702
18,40,720
18,41,738
18,42,756
18,43,774
18,44,792
18,45,810
18,46,828
18,47,846
18,48,864
18,49,882
18,50,900
18,51,918
18,52,936
18,53,954
18,54,972
18,55,990
18,56,1008
18,57,1026
18,58,1044
18,59,1062
18,60,1080
18,61,1098
18,62,1116
18,63,1134
18,64,1152
18,65,1170
18,66,1188
18,67,1206
18,68,1224
18,69,1242
18,70,1260
18,71,1278
18,72,1296
18,73,1314
18,74,1332
18,75,1350
18,76,1368
18,77,1386
18,78,1404
18,79,1422
18,80,1440
18,81,1458
18,82,1476
18,83,1494
18,84,1512
18,85,1530
18,86,1548
18,87,1566
18,88,1584
18,89,1602
18,90,1620
18,91,1638
18,92,1656
18,93,1674
18,94,1692
18,95,1710
18,96,1728
18,97,1746
18,98,1764
18,99,1782
19,0,0
19,1,19
19,2,38
19,3,57
19,4,76
19,5,95
19,6,114
19,7,133
19,8,152
19,9,171
19,10,190
19,11,209
19,12,228
19,13,247
19,14,266
19,15,285
19,16,304
19,17,323
19,18,342
19,19,361
19,20,380
19,21,399
19,22,418
19,23,437
19,24,456
19,25,475
19,26,494
19,27,513
19,28,532
19,29,551
19,30,570
19,31,589
19,32,608
19,33,627
19,34,646
19,35,665
19,36,684
19,37,703
19,38,722
19,39,741
19,40,760
19,41,779
19,42,798
19,43,817
19,44,836
19,45,855
19,46,874
19,47,893
19,48,912
19,49,931
19,50,950
19,51,969
19,52,988
19,53,1007
19,54,1026
19,55,1045
19,56,1064
19,57,1083
19,58,1102
19,59,1111
19,60,1140
19,61,1179
19,62,1178
19,63,1197
19,64,1216
19,65,1235
19,66,1254
19,67,1273
19,68,1292
19,69,1311
19,70,1330
19,71,1349
19,72,1368
19,73,1387
19,74,1406
19,75,1425
19,76,1444
19,77,1463
19,78,1482
19,79,1503
19,80,1520
19,81,1539
19,82,1558
19,83,1577
19,84,1596
19,85,1615
19,86,1634
19,87,1653
19,88,1672
19,89,1691
19,90,1710
19,91,1729
19,92,1748
19,93,1767
19,94,1786
19,95,1805
19,96,1824
19,97,1843
19,98,1882
19,99,1881
20,0,0
20,1,20
20,2,40
20,3,60
20,4,80
20,5,100
20,6,120
20,7,140
20,8,160
20,9,180
20,10,200
20,11,220
20,12,240
20,13,260
20,14,280
20,15,300
20,16,320
20,17,340
20,18,360
20,19,380
20,20,400
20,21,420
20,22,440
20,23,460
20,24,480
20,25,500
20,26,520
20,27,540
20,28,560
20,29,580
20,30,600
20,31,620
20,32,640
20,33,660
20,34,680
20,35,700
20,36,720
20,37,740
20,38,760
20,39,780
20,40,800
20,41,820
20,42,840
20,43,860
20,44,880
20,45,900
20,46,920
20,47,940
20,48,960
20,49,980
20,50,1000
20,51,1020
20,52,1040
20,53,1060
20,54,1080
20,55,1100
20,56,1120
20,57,1140
20,58,1160
20,59,1180
20,60,1200
20,61,1220
20,62,1240
20,63,1260
20,64,1280
20,65,1300
20,66,1320
20,67,1340
20,68,1360
20,69,1380
20,70,1400
20,71,1420
20,72,1440
20,73,1460
20,74,1480
20,75,1500
20,76,1520
20,77,1540
20,78,1560
20,79,1580
20,80,1600
20,81,1620
20,82,1640
20,83,1660
20,84,1680
20,85,1700
20,86,1720
20,87,1740
20,88,1760
20,89,1780
20,90,1800
20,91,1820
20,92,1840
20,93,1860
20,94,1880
20,95,1900
20,96,1920
20,97,1940
20,98,1960
20,99,1980
21,0,0
21,1,21
21,2,42
21,3,63
21,4,84
21,5,105
21,6,126
21,7,147
21,8,168
21,9,189
21,10,210
21,11,231
21,12,252
21,13,273
21,14,294
21,15,315
21,16,336
21,17,357
21,18,378
21,19,399
21,20,420
21,21,441
21,22,462
21,23,483
21,24,504
21,25,525
21,26,546
21,27,567
21,28,588
21,29,609
21,30,630
21,31,651
21,32,672
21,33,693
21,34,714
21,35,735
21,36,756
21,37,777
21,38,798
21,39,819
21,40,840
21,41,861
21,42,882
21,43,903
21,44,924
21,45,945
21,46,966
21,47,987
21,48,1008
21,49,1029
21,50,1050
21,51,1071
21,52,1092
21,53,1113
21,54,1134
21,55,1155
21,56,1176
21,57,1197
21,58,1218
21,59,1239
21,60,1260
21,61,1281
21,62,1302
21,63,1323
21,64,1344
21,65,1365
21,66,1386
21,67,1407
21,68,1428
21,69,1449
21,70,1470
21,71,1491
21,72,1512
21,73,1533
21,74,1554
21,75,1575
21,76,1596
21,77,1617
21,78,1638
21,79,1659
21,80,1680
21,81,1701
21,82,1722
21,83,1743
21,84,1764
21,85,1785
21,86,1806
21,87,1827
21,88,1848
21,89,1869
21,90,1890
21,91,1911
21,92,1932
21,93,1945
21,94,1974
21,95,1995
21,96,2016
21,97,2037
21,98,2058
21,99,2079
22,0,0
22,1,22
22,2,44
22,3,66
22,4,88
22,5,110
22,6,132
22,7,154
22,8,176
22,9,198
22,10,220
22,11,242
22,12,264
22,13,286
22,14,308
22,15,330
22,16,352
22,17,374
22,18,396
22,19,418
22,20,440
22,21,462
22,22,484
22,23,506
22,24,528
22,25,550
22,26,572
22,27,594
22,28,616
22,29,638
22,30,660
22,31,682
22,32,704
22,33,726
22,34,748
22,35,770
22,36,792
22,37,814
22,38,836
22,39,858
22,40,880
22,41,902
22,42,924
22,43,946
22,44,968
22,45,990
22,46,1012
22,47,1034
22,48,1056
22,49,1078
22,50,1100
22,51,1122
22,52,1144
22,53,1166
22,54,1188
22,55,1210
22,56,1232
22,57,1254
22,58,1276
22,59,1298
22,60,1320
22,61,1342
22,62,1364
22,63,1386
22,64,1408
22,65,1430
22,66,1452
22,67,1474
22,68,1496
22,69,1518
22,70,1540
22,71,1562
22,72,1584
22,73,1606
22,74,1628
22,75,1650
22,76,1672
22,77,1694
22,78,1716
22,79,1738
22,80,1760
22,81,1782
22,82,1804
22,83,1826
22,84,1848
22,85,1870
22,86,1892
22,87,1922
22,88,1936
22,89,1962
22,90,1980
22,91,2002
22,92,2024
22,93,2046
22,94,2068
22,95,2090
22,96,2112
22,97,2134
22,98,2156
22,99,2178
23,0,0
23,1,23
23,2,46
23,3,69
23,4,92
23,5,115
23,6,138
23,7,161
23,8,184
23,9,207
23,10,230
23,11,253
23,12,276
23,13,299
23,14,322
23,15,345
23,16,368
23,17,391
23,18,414
23,19,437
23,20,460
23,21,483
23,22,506
23,23,529
23,24,552
23,25,575
23,26,598
23,27,621
23,28,644
23,29,667
23,30,690
23,31,713
23,32,736
23,33,759
23,34,782
23,35,805
23,36,828
23,37,851
23,38,874
23,39,897
23,40,920
23,41,943
23,42,966
23,43,989
23,44,1002
23,45,1035
23,46,1058
23,47,1081
23,48,1104
23,49,1127
23,50,1150
23,51,1173
23,52,1196
23,53,1219
23,54,1242
23,55,1265
23,56,1288
23,57,1311
23,58,1334
23,59,1357
23,60,1380
23,61,1403
23,62,1426
23,63,1449
23,64,1472
23,65,1495
23,66,1518
23,67,1541
23,68,1564
23,69,1587
23,70,1610
23,71,1633
23,72,1656
23,73,1679
23,74,1702
23,75,1725
23,76,1748
23,77,1771
23,78,1794
23,79,1817
23,80,1840
23,81,1883
23,82,1886
23,83,1906
23,84,1932
23,85,1955
23,86,1978
23,87,2003
23,88,2024
23,89,2047
23,90,2070
23,91,2113
23,92,2116
23,93,2139
23,94,2162
23,95,2185
23,96,2208
23,97,2231
23,98,2274
23,99,2277
24,0,0
24,1,24
24,2,48
24,3,72
24,4,96
24,5,120
24,6,144
24,7,168
24,8,192
24,9,216
24,10,240
24,11,264
24,12,288
24,13,312
24,14,336
24,15,360
24,16,384
24,17,408
24,18,432
24,19,456
24,20,480
24,21,504
24,22,528
24,23,552
24,24,576
24,25,600
24,26,624
24,27,648
24,28,672
24,29,696
24,30,720
24,31,744
24,32,768
24,33,792
24,34,816
24,35,840
24,36,864
24,37,888
24,38,912
24,39,936
24,40,960
24,41,984
24,42,1008
24,43,1032
24,44,1056
24,45,1080
24,46,1104
24,47,1128
24,48,1152
24,49,1176
24,50,1200
24,51,1224
24,52,1248
24,53,1272
24,54,1296
24,55,1320
24,56,1344
24,57,1368
24,58,1392
24,59,1416
24,60,1440
24,61,1464
24,62,1488
24,63,1512
24,64,1536
24,65,1560
24,66,1584
24,67,1608
24,68,1632
24,69,1656
24,70,1680
24,71,1704
24,72,1728
24,73,1752
24,74,1776
24,75,1800
24,76,1824
24,77,1848
24,78,1872
24,79,1904
24,80,1920
24,81,1944
24,82,1968
24,83,1992
24,84,2016
24,85,2040
24,86,2064
24,87,2088
24,88,2112
24,89,2136
24,90,2160
24,91,2184
24,92,2208
24,93,2232
24,94,2256
24,95,2280
24,96,2304
24,97,2328
24,98,2352
24,99,2376
25,0,0
25,1,25
25,2,50
25,3,75
25,4,100
25,5,125
25,6,150
25,7,175
25,8,200
25,9,225
25,10,250
25,11,275
25,12,300
25,13,325
25,14,350
25,15,375
25,16,400
25,17,425
25,18,450
25,19,475
25,20,500
25,21,525
25,22,550
25,23,575
25,24,600
25,25,625
25,26,650
25,27,675
25,28,700
25,29,725
25,30,750
25,31,775
25,32,800
25,33,825
25,34,850
25,35,875
25,36,900
25,37,925
25,38,950
25,39,975
25,40,1000
25,41,1025
25,42,1050
25,43,1075
25,44,1100
25,45,1125
25,46,1150
25,47,1175
25,48,1200
25,49,1225
25,50,1250
25,51,1275
25,52,1300
25,53,1325
25,54,1350
25,55,1375
25,56,1400
25,57,1425
25,58,1450
25,59,1475
25,60,1500
25,61,1525
25,62,1550
25,63,1575
25,64,1600
25,65,1625
25,66,1650
25,67,1675
25,68,1700
25,69,1725
25,70,1750
25,71,1775
25,72,1800
25,73,1825
25,74,1850
25,75,1875
25,76,1900
25,77,1925
25,78,1950
25,79,1975
25,80,2000
25,81,2025
25,82,2050
25,83,2075
25,84,2100
25,85,2125
25,86,2150
25,87,2175
25,88,2200
25,89,2225
25,90,2250
25,91,2275
25,92,2300
25,93,2325
25,94,2350
25,95,2375
25,96,2400
25,97,2425
25,98,2450
25,99,2475
26,0,0
26,1,26
26,2,52
26,3,78
26,4,104
26,5,130
26,6,156
26,7,182
26,8,208
26,9,234
26,10,260
26,11,286
26,12,312
26,13,338
26,14,364
26,15,390
26,16,416
26,17,442
26,18,468
26,19,494
26,20,520
26,21,546
26,22,572
26,23,598
26,24,624
26,25,650
26,26,676
26,27,702
26,28,728
26,29,754
26,30,780
26,31,806
26,32,832
26,33,858
26,34,884
26,35,910
26,36,936
26,37,962
26,38,988
26,39,1014
26,40,1040
26,41,1066
26,42,1092
26,43,1118
26,44,1144
26,45,1170
26,46,1196
26,47,1222
26,48,1248
26,49,1274
26,50,1300
26,51,1326
26,52,1352
26,53,1378
26,54,1404
26,55,1430
26,56,1456
26,57,1482
26,58,1512
26,59,1534
26,60,1560
26,61,1586
26,62,1612
26,63,1638
26,64,1664
26,65,1690
26,66,1716
26,67,1742
26,68,1768
26,69,1794
26,70,1820
26,71,1846
26,72,1872
26,73,1902
26,74,1932
26,75,1950
26,76,1976
26,77,2006
26,78,2028
26,79,2054
26,80,2080
26,81,2106
26,82,2132
26,83,2158
26,84,2184
26,85,2210
26,86,2236
26,87,2262
26,88,2288
26,89,2314
26,90,2340
26,91,2366
26,92,2392
26,93,2418
26,94,2444
26,95,2470
26,96,2496
26,97,2522
26,98,2548
26,99,2574
27,0,0
27,1,27
27,2,54
27,3,81
27,4,108
27,5,135
27,6,162
27,7,189
27,8,216
27,9,243
27,10,270
27,11,297
27,12,324
27,13,351
27,14,378
27,15,405
27,16,432
27,17,459
27,18,486
27,19,513
27,20,540
27,21,567
27,22,594
27,23,621
27,24,648
27,25,675
27,26,702
27,27,729
27,28,756
27,29,783
27,30,810
27,31,837
27,32,864
27,33,891
27,34,918
27,35,945
27,36,972
27,37,999
27,38,1026
27,39,1053
27,40,1080
27,41,1107
27,42,1134
27,43,1161
27,44,1188
27,45,1215
27,46,1242
27,47,1269
27,48,1296
27,49,1323
27,50,1350
27,51,1377
27,52,1404
27,53,1431
27,54,1458
27,55,1485
27,56,1512
27,57,1539
27,58,1566
27,59,1593
27,60,1620
27,61,1647
27,62,1674
27,63,1701
27,64,1728
27,65,1755
27,66,1782
27,67,1809
27,68,1836
27,69,1863
27,70,1890
27,71,1911
27,72,1944
27,73,1975
27,74,2004
27,75,2025
27,76,2052
27,77,2079
27,78,2106
27,79,2133
27,80,2160
27,81,2187
27,82,2204
27,83,2221
27,84,2268
27,85,2295
27,86,2322
27,87,2349
27,88,2376
27,89,2383
27,90,2430
27,91,2457
27,92,2484
27,93,2511
27,94,2538
27,95,2565
27,96,2592
27,97,2619
27,98,2646
27,99,2673
28,0,0
28,1,28
28,2,56
28,3,84
28,4,112
28,5,140
28,6,168
28,7,196
28,8,224
28,9,252
28,10,280
28,11,308
28,12,336
28,13,364
28,14,392
28,15,420
28,16,448
28,17,476
28,18,504
28,19,532
28,20,560
28,21,588
28,22,616
28,23,644
28,24,672
28,25,700
28,26,728
28,27,756
28,28,784
28,29,812
28,30,840
28,31,868
28,32,896
28,33,924
28,34,952
28,35,980
28,36,1008
28,37,1036
28,38,1064
28,39,1092
28,40,1120
28,41,1148
28,42,1176
28,43,1204
28,44,1232
28,45,1260
28,46,1288
28,47,1316
28,48,1344
28,49,1372
28,50,1400
28,51,1428
28,52,1456
28,53,1484
28,54,1512
28,55,1540
28,56,1568
28,57,1596
28,58,1624
28,59,1652
28,60,1680
28,61,1708
28,62,1736
28,63,1764
28,64,1792
28,65,1820
28,66,1848
28,67,1876
28,68,1904
28,69,1932
28,70,1960
28,71,1988
28,72,2016
28,73,2044
28,74,2072
28,75,2100
28,76,2128
28,77,2156
28,78,2184
28,79,2212
28,80,2240
28,81,2268
28,82,2296
28,83,2324
28,84,2352
28,85,2380
28,86,2416
28,87,2476
28,88,2464
28,89,2492
28,90,2520
28,91,2548
28,92,2576
28,93,2624
28,94,2632
28,95,2660
28,96,2688
28,97,2716
28,98,2744
28,99,2772
29,0,0
29,1,29
29,2,58
29,3,87
29,4,116
29,5,145
29,6,174
29,7,203
29,8,232
29,9,261
29,10,290
29,11,319
29,12,348
29,13,377
29,14,406
29,15,435
29,16,464
29,17,493
29,18,522
29,19,551
29,20,580
29,21,609
29,22,638
29,23,667
29,24,696
29,25,725
29,26,754
29,27,783
29,28,812
29,29,841
29,30,870
29,31,899
29,32,928
29,33,957
29,34,986
29,35,1015
29,36,1044
29,37,1073
29,38,1102
29,39,1131
29,40,1160
29,41,1189
29,42,1218
29,43,1247
29,44,1276
29,45,1305
29,46,1334
29,47,1363
29,48,1408
29,49,1421
29,50,1450
29,51,1479
29,52,1516
29,53,1537
29,54,1566
29,55,1595
29,56,1624
29,57,1673
29,58,1682
29,59,1711
29,60,1740
29,61,1769
29,62,1806
29,63,1827
29,64,1856
29,65,1885
29,66,1922
29,67,1945
29,68,1976
29,69,2007
29,70,2030
29,71,2059
29,72,2088
29,73,2117
29,74,2146
29,75,2175
29,76,2220
29,77,2233
29,78,2262
29,79,"2,291"
29,80,2320
29,81,2349
29,82,2378
29,83,2387
29,84,2436
29,85,2465
29,86,2494
29,87,2543
29,88,2552
29,89,2581
29,90,2610
29,91,2639
29,92,2668
29,93,2707
29,94,2726
29,95,2755
29,96,2784
29,97,2813
29,98,2842
29,99,2871
30,0,0
30,1,30
30,2,60
30,3,90
30,4,120
30,5,150
30,6,180
30,7,210
30,8,240
30,9,270
30,10,300
30,11,330
30,12,360
30,13,390
30,14,420
30,15,450
30,16,480
30,17,510
30,18,540
30,19,570
30,20,600
30,21,630
30,22,660
30,23,690
30,24,720
30,25,750
30,26,780
30,27,810
30,28,840
30,29,870
30,30,900
30,31,930
30,32,960
30,33,990
30,34,1020
30,35,1050
30,36,1080
30,37,1110
30,38,1140
30,39,1170
30,40,1200
30,41,1230
30,42,1260
30,43,1290
30,44,1320
30,45,1350
30,46,1380
30,47,1410
30,48,1440
30,49,1470
30,50,1500
30,51,1530
30,52,1560
30,53,1590
30,54,1620
30,55,1650
30,56,1680
30,57,1710
30,58,1740
30,59,1770
30,60,1800
30,61,1830
30,62,1860
30,63,1890
30,64,1920
30,65,1950
30,66,1980
30,67,2010
30,68,2040
30,69,2070
30,70,2100
30,71,"2,130"
30,72,2160
30,73,2190
30,74,2220
30,75,2250
30,76,2280
30,77,2310
30,78,2340
30,79,2370
30,80,2400
30,81,2430
30,82,2460
30,83,2490
30,84,2520
30,85,2550
30,86,2580
30,87,2610
30,88,2640
30,89,2670
30,90,2700
30,91,2730
30,92,2760
30,93,2790
30,94,2820
30,95,2850
30,96,2880
30,97,2910
30,98,2940
30,99,2970
31,0,0
31,1,31
31,2,62
31,3,93
31,4,124
31,5,155
31,6,186
31,7,217
31,8,248
31,9,279
31,10,310
31,11,341
31,12,372
31,13,403
31,14,434
31,15,465
31,16,496
31,17,527
31,18,558
31,19,589
31,20,620
31,21,651
31,22,682
31,23,713
31,24,744
31,25,775
31,26,806
31,27,837
31,28,868
31,29,899
31,30,930
31,31,961
31,32,992
31,33,1023
31,34,1054
31,35,1085
31,36,1116
31,37,1147
31,38,1178
31,39,1209
31,40,1240
31,41,1271
31,42,1298
31,43,1333
31,44,1364
31,45,1395
31,46,1426
31,47,1457
31,48,1488
31,49,1519
31,50,1550
31,51,1581
31,52,1612
31,53,1643
31,54,1674
31,55,1705
31,56,1736
31,57,1767
31,58,1798
31,59,1829
31,60,1860
31,61,1891
31,62,1922
31,63,1954
31,64,1984
31,65,2015
31,66,2046
31,67,2077
31,68,2108
31,69,2139
31,70,2170
31,71,2202
31,72,2232
31,73,2263
31,74,2294
31,75,2325
31,76,2356
31,77,2387
31,78,2418
31,79,2449
31,80,2480
31,81,2511
31,82,2542
31,83,2573
31,84,2604
31,85,2635
31,86,2666
31,87,2707
31,88,2728
31,89,2759
31,90,2790
31,91,2821
31,92,2852
31,93,2883
31,94,2914
31,95,2945
31,96,2976
31,97,3017
31,98,3038
31,99,3069
32,0,0
32,1,32
32,2,64
32,3,96
32,4,128
32,5,160
32,6,192
32,7,224
32,8,256
32,9,288
32,10,320
32,11,352
32,12,384
32,13,416
32,14,448
32,15,480
32,16,512
32,17,544
32,18,576
32,19,608
32,20,640
32,21,672
32,22,704
32,23,736
32,24,768
32,25,800
32,26,832
32,27,864
32,28,896
32,29,928
32,30,960
32,31,992
32,32,1024
32,33,1056
32,34,1088
32,35,1120
32,36,1152
32,37,1184
32,38,1216
32,39,1248
32,40,1280
32,41,1312
32,42,1344
32,43,1376
32,44,1408
32,45,1440
32,46,1472
32,47,1504
32,48,1536
32,49,1568
32,50,1600
32,51,1632
32,52,1664
32,53,1696
32,54,1728
32,55,1760
32,56,1792
32,57,1824
32,58,1856
32,59,1888
32,60,1920
32,61,1956
32,62,1984
32,63,2016
32,64,2048
32,65,2080
32,66,2112
32,67,2144
32,68,2176
32,69,2208
32,70,2240
32,71,2272
32,72,2304
32,73,2336
32,74,2368
32,75,2400
32,76,2432
32,77,2464
32,78,2506
32,79,2528
32,80,2560
32,81,2592
32,82,2624
32,83,2656
32,84,2688
32,85,2720
32,86,2752
32,87,2784
32,88,2816
32,89,2848
32,90,2880
32,91,2912
32,92,2944
32,93,2976
32,94,3016
32,95,3040
32,96,3072
32,97,3104
32,98,3136
32,99,3168
33,0,0
33,1,33
33,2,66
33,3,99
33,4,132
33,5,165
33,6,198
33,7,231
33,8,264
33,9,297
33,10,330
33,11,363
33,12,396
33,13,429
33,14,462
33,15,495
33,16,528
33,17,561
33,18,594
33,19,627
33,20,660
33,21,693
33,22,726
33,23,759
33,24,792
33,25,825
33,26,858
33,27,891
33,28,924
33,29,957
33,30,990
33,31,1023
33,32,1056
33,33,1089
33,34,1122
33,35,1155
33,36,1188
33,37,1221
33,38,1254
33,39,1287
33,40,1320
33,41,1353
33,42,1386
33,43,1419
33,44,1452
33,45,1485
33,46,1518
33,47,1551
33,48,1584
33,49,1617
33,50,1650
33,51,1683
33,52,1716
33,53,1749
33,54,1782
33,55,1815
33,56,1848
33,57,1881
33,58,1932
33,59,1954
33,60,1980
33,61,2013
33,62,2046
33,63,2079
33,64,2112
33,65,2145
33,66,2178
33,67,2211
33,68,2244
33,69,2277
33,70,2310
33,71,2343
33,72,2376
33,73,2409
33,74,2442
33,75,2475
33,76,2516
33,77,2541
33,78,2574
33,79,2607
33,80,2640
33,81,2673
33,82,2706
33,83,2739
33,84,2772
33,85,2815
33,86,2838
33,87,2871
33,88,2904
33,89,2917
33,90,2970
33,91,3003
33,92,3036
33,93,3069
33,94,3102
33,95,3135
33,96,3168
33,97,3201
33,98,3234
33,99,3267
